18580621361
19271176148
17821011762
19272645473
19231149644
19231144261
19272645174
17050886494
15045648029
19233829527
19271038452
15045027512
15523253170
19273854189
19271176152
19272645493
19271038498
17623436023
17623340534
17623844243
17620315851
17612364171
15145056953
15104593235
19203856805
17682387747
19211779467
17612363854
15145044512
13764556305
19203856636
19203856482
19203855179
15045041376
15104594842
13764577037
15045027580
17623598740
19203856233
19203855485
13764555561
17623497634
17623185149
13764557515
19203855136
19203855464
19203855844
19203856296
19203856041
19203810865
15114565895
19203856179
15045041357
15004698260
19203855401
15145163341
15046794136
19203855249
19203856052
19203856145
19203856053
15104592937
19203856065
13764553791
19203855478
19203856021
15104683759
19203855304
19203856054
19203856214
19203855494
13764554479
19203814058
13764555392
19203856031
15104682173
15045027936
19203828672
15145044632
19203856007
19203856034
15145165642
19203856050
19203856327
15104610573
15045027713
15045649635
15104681403
19203819572
15104695273
15046778947
15104693473
15145044691
19203856042
19203852052
19203855344
19203856151
19203855946
19203818951
19203856032
19203813825
19203856040
19203856071
19203855461
19203856329
19203819603
19203856062
19203856039
19203817994
19203818964
19211715664
19203856557
19203856557
19203855104
19211715879
19203818317
19203856573
19203856570
19203815695
19203856582
19211720577
19203855101
19203856593
19211721504
19203821545
19211720897
19203819807
19203856495
19203856278
19203856352
19203819102
19203856392
19211721746
19203856487
19203856631
19203856134
19203856460
19203818349
19203856596
19203856283
19203819185
19211048643
19203818203
19203856685
19203856462
19211715485
19211721637
19211715883
19211721924
19203819107
19211721774
19203856554
19271176760
17623428621
19231164278
19271103871
13271813506
19231144681
19231041522
19271176201
19231145911
19231145318
17821011723
19271176993
19231140040
19231145019
19271177016
19271176726
19231149137
19231141473
19271176962
19271121462
19231041448
19271176428
18721435139
19271176626
19271176352
19231140050
19231149080
19213862328
19231042062
19231142478
19271176937
19231140458
19231168114
19231144906
19231041679
